['clfd800', 'clf800']
Train = [[1.0, 0.9999967, 0.9999967, 0.9999919, 0.9999984], [0.99842954, 0.9956576, 1.0, 1.0, 1.0]]
Test= [[0.9925949, 0.99267435, 0.9923344, 0.99174285, 0.9923281], [0.98357224, 0.9820454, 0.9827672, 0.98363537, 0.9826224]]
